97767562231718444669728866820267441690367278029936522109608372524193647955403
100868669920949279315056248906906135771053889899002625811940802598881242643857
93962665718516517594620419249129353895547064056141539979185407325034628053777
67416282158637682047251920765089938720496550542298213877053037810411415044377
83710524338536821702611285104256269646729276589068710948223541027366146955791
97152896113486191105152431657800784883913230916654488976709856756804741583973
89261953301762814740157152399764583072694284062723992969769516919595948011393
67621673546480358177065071039665491322247411984600782706103009237715245839733
85400884906568241086150171712495871389732761950467985461566585978324137455199
113453569704973633844231753023520803456905781794846279113705642602189469021951
110428907275233866573555264193200651524783397407302547742905474060969194279701
85805908877704015695435591104377713330011301838201257621244895483979040047643
83848691694001467721492269124026298388124086797586519811574886895780716236211
102361499447603900832357173597202380221643292279363744067149130224104430452647
81513911903696491011072518620862195677958051487183101069563010837248166153803
89650756447251493615298357868964092472072224656064206864450579813094473345521
64267696950587246431315717145377176189187469083456819199004787828013048531191
77894548802432234829783528921104277682195416855708357304667519712557172365291
60613047123733028533846300296568147047659056637782102507734353734633514282971
87480693998452163538628562670582470872030570934808538059573771399028796956573
92213376869004029153706578962685116046764836930250357473905700969619515094909
111461056894266272553002024688163966471870167550916389158684169443574634921423
112302234855515789815566287447331436510368433295315399042853128710996078794109
111589422550930376358424291988586712078261656857783400932248988866901250552509
93469313820695503652031210304356307712046881506022501925582160075066571753659
103761866187265547458253766669771516505815170540291905020741636852800542788899
92950823138886231124392279146120595442554310263590043043649171309505333003337
99873488133723882546203829920597691302167092677607129878131926885784089939079
103857093881311576968906020452273059781711008308106015342335014636044937593139
87977718967823410174169711210114575350128408928604678388972267394147133119367
112085497440388511364493266926808359258182229984346544114566622069335233815379
82767159103937703506092199991995310833805597622835951100961765656145964607931
81525157199900482065617467069671753017939220131075645244643395108845352273001
80317864702052149145659464962574449658002776634761289770109245038088663826113
80530604996332304575817065777259447672376260345941382459325700482788246876161
99604528518716206930328191762558596170739175288176623031118352630096931360113
93125616820843727510684876218603037118552792042494977308233424038341951034621
93634958317897745544004672878127478839012787872305695140529577753958197369331
112229659798921660521478993752157258538106348397889080512633806145920442024881
62627896278282033410194749567564559350339519496866470282109215517166169958623
112587511734469911884295336592395333910776967053707149344149236679013885726491
61145449522254871740933015860176697273664223117842391204773667796665327094543
59185845104016957574078311526797240402439358410428631179728896993274249010143
74214803769488990570538178458797767136129523987866024234917861345751244402767
58212256814328561689591193113731576995273493737917104095203367621274787175821
68049581669108756567569933286452050311560926466208082689002109063421831069059
87948970979161524310484767309289483133007851157996157783682968430801727077689
105647714801997706447194214399322298736524953418039414587406957686876470921193
84602749289909203389111949257848833562830405956249239942039995230499729319627
104393521587398000207839580160550392101091595630954618384142639736755143703599
91171659773516199676752612208214153107493968035563199773394337349488053337643
101476103437861608328533551718473734896626380391795885911817317138055989273957
82775624375400939022777355550242765743357700458834044884274794041382639252483
107288958067983531562755836917261771160869108987823797158944382880503636128129
78546820250379503417401421509079509500358921401626338039481217244847486732633
62821290370394612890949991321550437041645197494929769290801176857686088675427
70153374796238616515690617198987354684788821405142370978289803589535857022547
84653960961547291844311619059407529572885982554493667759801866529344437650453
75343639970566335011824890030793550014177866822136472209712053900439933825903
74917175912656792048575919819392930772184750361987426422034377596732796043563
98547795777665518121553701642783144675435202883612431134019429962963053365857
109316300140702383768485188586195916644351091527628208972544474057276721437699
62767489970858452585522157128768322178065473774256607129707914103169129641179
99811053237796019187748616895667105581247395147775166155688433925825413939839
81084856650621302924979105019052426870510521941668260639232986259752015374659
110349834291714235418211736923192510464135825968414152561120324556518785670811
82302153081352275593843879570320214504104175974462687911847235522257634815033
84606686317263593070500637256678768376580328326965819121891912433395853677287
66631341538217993137355152033765453297712206517667773482442838734826782848877
106525421626438980615799898482400664223189577514888616309885445346098490854389
59636958767255329643186908038678337547628475699719031952404649617889229043099
67930128877588437056158091371191453853581478066217002380910643441146358893679
86074497748510671365208207680270163573782023021908487528166346986563043786603
70472049564701070281351283312092294828913028543184650891747473871500018554927
100427333189706727129998772368473052717506901570737243778359398036137556021789
112002356732069379761125696353697616382198233310111849556592595088109324143073
91786837387710588530330037159136852612204203250070774882326153344869510319529
93033507391439473146644247053022972911809149817206527748759076988513732235109
65342422406088001381943311119096377091224041218466567279182435187715763970891
73984324265628239961965691048046840928873198460444976581301214178027658113227
85179950776678789584552064781438463658761341286232984649695389928611533275153
87801124617789476886420081556952049925449104122863098225664155074567973312509
58041399503152251373062528169045347878824179222357150105188299908552946606951
100660133824228807021385392017616670880123586551883467313686001651808696682409
101982185364867938785260632476488490312063007198552855797436425678252495150637
78890693245529211750070044284209945410216374173169858958363257414212952553719
81506769725155771710295568707369689641382228225469684821435759015284095201073
87686431060175423997582410713923248183544995672971350780791337690018230851043
77468456656096694880517077076680013630088548198417717235030343688213877127097
110756929273984024736495040108871611976736280949911716228005366664750015413087
115703007019527085899047732434222523827190212692679844584269908491761647573357
83804929654969080143018943033934619871982422031800855102813122699388672384241
67244499572694825103489584847672916687907830218254125301431441234067722090347
109315478970251728122601376281890937120391031863837456770016146731321608246249
77127031631446973212292184089254858342944199991133372178095803649018792248909
89049685765856997978069553712907275789243664575176926826285294503385696768619
75577017336226730921343307591770385995860612160842854518848417945114028697957
75297926026921015514579506355424837332308088705857347700074296919019009350449
89471875910445012921552726777939753871506187686351047245089702749208510693151
106924944775711531789498690375881173097706518944636640041066838582018873949613
58382961824842487494501762117509510151174462280459131540771639305399530816539
112882331726938022470718345166875575808635501562203735446410683875117791575183
92195391434384999876474026673242814402327581866233769637412537991881552485261
91568790447989699064125981363523195330592348729301962783642586157480108623711
72389870163661963300871949539281480787277628276047354739978502718390613549729
64795509779806758091321139207525523371713003661491902455621508290872387016783
101419469864913090285178369820705463877081753441639044559647700735620667226053
88275500123631402163815147083491649965557539149630246589802254938287413584417
112056711260906061889561128168874437443274039398067748826266647724204069327441
107280539199480303074706134765057809363518327062208591564043999479628705918997
96549329211410878220407731243138541789894262114809366396824543095582747523721
108999696429546880677401036020065373452328479356536005269273516477018514514471
81882907891610876687208324689388502248676513149711667071251890124884317410029
80781585502832160365006514736611151949224397885526545129627391822602055685909
90040677735870852098413730802847928487482667469019156467295762242747218104249
87145324078195409155789317408312809279026740733700356276194678771626488012789
76410720747815167179976953836257305780935493628331207888860750868566803987359
58398662227484546610399055139580087182975809134092730700889912293989212566723
63185104726394893881725775297530363659106534169182645233170202869635195614427
99633582043886262680134525583280471231210590969080925498145355378150215022981
91662972453279828403652943728207380874148167221743946069903648545957090790463
64786450340174766113557505342536707402631247615748452447643662248554969437161
79170801037385124691903538190195731930278071490815170972182597798880510703469
110747260064556784081078585069982923445908584857733373539865855503806260661141
72757483262684987131898580874446707971478300749640534583584864087274478493863
90381938278563719643869630265844806325408029202119679976550446574526863504971
104191849007168593778109534565153511741120467980853599679507796859144351467689
99261477862579039613144832638023208996685158505058668151511587287516706955473
71824031136982684497801983968630512862362047438944433486938936265728198078861
59696540451703430233803511104024800571938520337744970409905222047087318061411
74824937442907644295447904672755907842966347185456200207511741852189014011791
70490542348626724241099776476942493167291589557274768259740644536623674193651
78867684367549942566699138239656962352729626170877669129033729836904280290433
67488452295638554246784888090490114389663371455159785237678528307381424654537
106274259723288437712801752844936171256108853294356120088248320776055481979777
76975327601247828804128990994646363131947731174048558170259427003098298257271
91622218887273960561803437262544801274274735313171244656289142415090426211897
110773701107353723123269558411381201264077027580930580235851706034175050375823
106384230975485608549631623269278198158817211019158766507206811502233632711139
67765500352907621639575312198081827895481742725737589860980770004475244716351
86849176352649624321649552030485619164900278117737425735466726511048996633161
87699431736138772386503920888266223534821206663542838063061784024827861343861
58435241522869147322890023038477402635283670734302580529330914818091339401639
104811668311297315314140040907613044874298494300037652009369893394998490139503
81852367446354193961835879744904167364835307774819448239501462027073714940341
110390172452911129825579243359721660481551871938046563689459343996213008858187
87359951211115618118881929675397564664132957237014280287420370771892032671013
95841986992332466257744515404767281869364483271879150002786711756486617084247
85937995859961350500542226713002523154214286660066458943058476783558391775521
86775460756464967426839167957121807931312030152402192624297930927842168883997
107211351892877342937211002735658303760185798017690757546437619409006552780567
65387364470339122886291694388398732355444675621266708337995439111248757941089
77987524622371651521065942367822989183036138238511032894480289859406588632381
58056902352351300097830769517374621240243047633671471009857629610151673250097
66547941268950930425848636958748666688379410051945916344702886205616930655303
86916545911686963183953946017208184263265263362242396730923866395879698734907
89869092548732189493491962685987690056364455437342545196612133410847903000957
61988888008454054678074378512831613389378418727291387646209060515302205545121
101406794480095840179626400870631640815238225633669483389977938478060965042557
113991334174734059042621328668157354665986230308486545883213091104437475648249
74631795194223880067000097840571695976375472174282027460974731479186590987563
89490614111462205646855471686979084279969287018181450735140647438788324423649
78550846866312139977973978153407938394775110644685553085215011563180592609677
76074715729033638516393616613240508991848688789043177186964635549891485454401
67235428802972154710810761133193861981632914857709394477822611125863087821403
78265546719229935638112580446973186893888271525350897593628171248243229857621
69383672508554801617855798958858691049609208466626317954201384486178293219693
92347556805805315593631938890368155285724508706817583193903639973547019838841
115253673462935121013172476138908235098265136373088457768889075239627143359161
80917081982794167028349389592068023482502701539984559647606644914949397612247
95134543820636573564808517049129195785585267214790217350520037270284070467793
94862875754852085738047583282598953274176578079173308560001095144469636671001
75341247309932956297336550866743980331043265092982120187073554769218057691931
110763869797208048345196425478503508030827185120594865777868233938285823970013
72230077942748426758228302783671300317801081340737249990182835012086214317403
68361925148683861230137737756962162292381495202975227292505379205998333281383
95654573720944218385673564284057488058944926000647994547725984771377335004901
74247486368858055068471182374112387353528090232991054961525327334354753368563
59866550912856904364588606989916932129765783414552182961970597300505490336567
75024076465522593900203850368111103116458725427792571828588405672955581548021
112991504034328234609770295657261864830813546521746554090795376837328664691723
112166764303502360781894254731521438104282719455388283184391669624885604470483
91486241947394970965521689112106649768023574954485524881909923887730127371807
111731857225506044078969629207087415727977215309542205900732919983716844482769
72246663724753218304374795477036661037905134196428724837361124706137905552243
96763439562657066800447535953999418604761083293285609774454036592287542174201
111020789217308739433191488408099092889536692226000933464464149595171701940899
89698564355420871881448488509838163980490627150364369818195351619959931944361
97430612749460030783506346955067924793106114955241369092742876780452378159393
114485839093734397948664787355560127462387402703555664996390891895260344074667
110921588268671203711958682912297230592052983720875894565117946013695703455241
115696322326257727344659068647616165923493083738455835204698154705102359047043
99055254999714474611761071406532097776556386098945583746452549522983462496581
84190833827076145680488409361407089725588283130882292968607955251082955242519
63911347091913517938697851524057088498519020212497082803100204904058996013931
66112089295963386611918450132974268421827124391042697362960136976147807702497
103357516422258317757425350547952065557295886198234861506173534387913992742833
80177488059342221360437410388308889128831235814849055438135877967835808624901
62848139927380536281932545726116212963799595333711273440715588775227443486129
80246450548125670052074796774343235111280539636032400706655476933744178755183
92856025019653502051016443184126185275883129803830821071385222921132888763061
74683034999284517482505249209891062494086640861870724051301679270319543000527
115017178303888958862595823941732202783550138446663119799549925629367153094373
107343261216104255542994271221515263094591548099386757098434791816504453211249
103991448131255508969491276628373971613605885226641114321766460823973031775959
83951602666769673527369086508719420224277686711742906867695786260249233220357
59076951591873921034384913527566300548487467543116591329901333886369957898701
63727090628407896063845841444133000557355806456403568535815656748322873917441
103943944974570124657894604937503370305458227685249996656149436137337017234621
103159446392364237431805424246787426904629163409652757095173910415393012783931
90043873525808694693074816094231951003396493165758301579248080148358903281257
78295609916374030522091623196893492257661093965153594899735061746159548807241
79321235221464204589871675020673385141729006745007345205751043606028416137777
94075173743185362338976534472757561666445540629002251457648009983660003639961
91400809324625703841559962339091785893643712844798141820347695967242410271909
92874817653436798093917531378662813397871444633188998661042324736233626382863
81536079125098617169410588959300667424252174382778516483583082037446083548947
90056891914396232907490075763098276626098735201474795569114868175136086169121
58390294563234513591546654496227697458617857593425456509275696509529690607303
84091178912241130753585687099061233646692025185675846721972149821401745890989
69063316429007023681894732070303664072423412481544510087112695498792957880259
71859928727322288991857863613853917445479601405764897270881337855203248166963
60349107313326870196938434754877655231858096616267333245294261884101756949661
89022511035075009703301219367014398950118570367993674911902956088234753550637
93827760862241690181599837246153261037680357994748485087541096253675239024337
98231682046546112584309002465215751102659898998469367387071451041183710020489
102480675727317865477793161010016436263349253475244604045647261056155829194003
103660155855439693052197277326635859367153671051174414319353700207331360562687
100054919284786462883991880155041699143523251783013654542283566323337869942683
107001146748835550956742852043470207020062207181317234853192848790739969649247
71997420605479240155779211548455171409912775339191305579043785887294110965003
69842972082937827573433934204083002913019873238495086970315007399147610894239
59223750410058752431891312934724031914650396714848392361999056210874312640177
88903658948049423600476655801784854075404704133104751885440246157202366753287
98030864833151253709264939573790205218295606668212537099963763864303740057751
71219787341284182270343771877240926267380447501378903141241264484175496094377
89934269279478325868547209575796459588354303283668470836509979454657158569171
96547388325500775256334772874105066765893895642294215642256888671580688683379
62590317122327245001740540257807236276636304765921888026992779698838312717437
58715389575190207794689047582184751198828213120668720591240332570821785957773
62901392199063294399557975134810289078268242988141615251584452701210782062259
73879136224460667035640571219555439665479052479498347941639144586006330356549
88996741292182699355693494499065085916716948907061444807903796373402935407039
86911691331726899373278887748702199852498551814023134859784292821476894029163
59380391137968417261589204481215627907756214788564642914651943158732316640737
111262805888595660769401259176915675919207139858154721775728864903364237289299
62524805668538006347591010108496406620362560816388499808240491018939844441171
112326750291640594315099593766598934727832168590250112400930364811750290362153
64708770248092828127417084715415120067623961849264939209745988808357125036727
96943206224964758937265789103205576843332925142516101587686031955305452270177
96487037948041602622894679933191050102675937370555971320783434784969025428599
96334754825793196671566532567447258651096726626624730530763251838388419361889
91823552621041094395753220425817895001893850124332531507303059454308284761079
85269300534173837176421861598011825294814970646110095425599607348907324070061
96666067604979918327068022376791460077649472067921928483656921453943657307713
100689202209258122713023044754633582015439450671591929303501127728761247803259